08077
11458
08028
11003
02044
11591
08058
11231
11587
11022
11457
08504
11152
11004
05177
13325
11096
05150
11165
10110
05027
05143
11569
17199
11213
02003
23425
05661
14209
17202
11568
23424
11023
11232
11463
13327
11274
05028
11616
11521
11418
11161
17204
11202
13326
02045
11275
11617
17203
11108
11190
11446
11984
02012
11297
17201
11419
11350
05178
11019
11201
17369
18374
11936
11214
10111
11273
17368
11097
11245
11855
11145
11263
43387
17200
35196
11244
08001
11575
11574
05171
11272
11222
11464
11522
14654
11157
13323
11520
11992
02065
11018
11240
11012
10106
11995
05137
18375
02049
11223
17195
08363
11106
11266
02042
11233
11120
11969
11597
11207
05020
11107
11164
20077
08247
11613
11117
11156
05022
11158
17364
11029
11576
11615
35197
11024
11162
11270
17367
23423
05172
11208
11953
15170
35051
35205
11523
11278
11614
11011
11163
05115
11250
02027
11427
11428
02023
02066
11698
11625
11416
11351
11986
11030
11228
11938
17197
14544
11257
10107
02039
13334
11001
11253
20060
13333
05116
17196
14031
13324
02038
11707
11235
11987
15171
11087
05138
11950
11577
11086
05127
08244
05128
11996
15231
11622
14355
14352
11505
11234
14545
02064
11994
14381
11444
11267
02017
08089
11970
11239
11271
11952
11985
23421
02029
11623
11503
15246
11092
11261
11091
11236
11939
11998
05021
11243
11710
11741
05630
11854
02008
11251
11094
11268
11637
11789
17216
17217
11119
10117
11276
05623
11260
15167
15169
17193
11277
15127
15146
14278
15244
17214
19166
02041
14180
05628
02034
11959
15221
11563
11100
15245
11027
17198
11696
10103
05626
19165
05624
35173
15145
11786
23445
08580
17191
11093
11726
11095
05632
11203
05625
11442
10104
11116
35158
11230
05111
11993
11090
01224
35162
12041
17215
11728
35172
05629
15175
11337
11620
11148
14601
11974
11046
11963
13321
14058
05622
11951
05176
11218
11982
02015
15123
13322
11198
05621
11750
11749
11115
11621
14210
11099
12008
11098
02030
11151
14202
15163
05627
35177
11279
17162
02004
11695
17373
11473
11219
15220
05175
13328
11265
11101
11204
11856
05644
15072
11338
11366
05649
10112
17218
15117
02043
15184
17163
15165
10060
11280
11302
15250
16106
05631
15166
23032
35211
11964
10118
23415
17192
17347
11676
23444
17334
15085
11047
15086
20078
15243
15164
11663
90560
15177
11447
15229
10113
15049
11972
09129
15083
11362
35160
15101
15212
15178
35038
02018
15036
15247
12007
11559
02007
05363
14219
15037
15200
11700
11238
17337
35174
15104
11740
11739
20034
11666
11525
15230
15064
15118
11281
11526
15099
35152
02028
02036
14056
35184
15168
15020
35188
15065
11114
11978
11697
15140
35074
15240
02010
05173
12011
15241
17332
15060
15108
10116
15062
15204
15105
15143
20033
35169
15045
11769
35178
35165
11624
11211
11254
15070
35195
15100
02006
11448
15199
14353
11667
05026
15025
35176
15071
17157
15114
35203
07053
17342
11135
11138
15079
15154
15218
15261
17173
15103
15139
15081
35190
15112
11369
15010
11322
11504
15205
02016
09216
02063
11009
31035
11484
09001
15110
02013
11291
02021
15203
11147
11445
15160
15228
11485
15132
15076
15226
11269
09309
11483
11976
09147
15093
15216
16272
09114
12022
09083
02014
15211
35171
15121
15193
09205
11199
15107
15111
15098
16133
15214
15022
15008
15180
11879
15005
15219
11200
20143
15102
15262
16060
11892
09201
15115
11149
15015
15061
15050
15213
11891
11486
11215
15063
15189
11007
15023
15004
35151
80200
11965
15059
02019
11596
01223
09307
11248
15134
17181
01138
35149
15217
15188
02002
02037
02011
09118
15194
15054
11990
11516
15046
15201
15090
16078
15206
15209
35054
15155
15133
01250
11249
15233
09312
17149
17148
20142
11566
01139
15224
09172
19860
02031
07014
15097
11478
09107
09113
16101
09117
02032
02005
09404
07911
11316
35198
15207
19859
11010
16422
17168
35153
15181
09287
11293
15091
09185
15016
15113
15198
11488
15051
16134
15082
11967
15222
15039
09295
12204
15044
01140
15040
18219
20087
11453
11237
15073
15260
12158
15001
07041
12005
11641
16075
09053
11326
11006
12193
35150
11255
09276
15033
15068
15031
16070
15034
20126
15202
11005
15232
11008
15003
15141
09088
11675
15186
16069
15116
15147
35028
15148
09146
12003
09061
11476
20127
11437
35027
07040
11032
15225
15007
15032
35181
12004
16506
16244
20125
02001
01126
35093
12101
15187
11715
16102
15264
16079
20124
15084
01125
11212
09311
19078
11137
01171
15043
15265
15038
15048
20002
16144
15197
15026
15047
11893
12205
12013
11604
15142
12121
15053
12096
15017
02020
15092
15176
09422
20047
11258
15135
11981
20001
15069
01123
15089
01141
07207
20037
01129
12001
43589
14091
01109
11877
11602
11259
15088
07976
09411
11026
04589
01078
43597
01040
43405
09038
36615
35192
09037
43340
11241
01169
01037
11216
09065
11508
01036
21018
01156
01157
12061
43479
01159
01260
04572
14099
14140
09039
12063
36000
12062
12206
12065
04047
14536
04501
16113
04532
05335
04536
36019
09446
19904
04053
10994
12006
02033
04581
01019
11124
09078
11209
02009
04038
09193
09040
04514
04528
04707
09190
42231
09194
09502
09501
09500
09503
09504
09003
